# exo2: <tegnkode> <x> <y> <bredde> <høyde>
33 0 0 14 67
34 16 0 25 21
35 43 0 63 67
36 108 0 49 89
37 159 0 80 69
38 241 0 66 69
39 309 0 10 21
40 321 0 30 93
41 353 0 30 93
42 385 0 37 34
43 424 0 44 43
44 470 0 13 30
45 485 0 29 9
46 516 0 14 15
47 532 0 50 74
48 584 0 51 70
49 637 0 32 67
50 671 0 47 68
51 720 0 46 69
52 768 0 57 67
53 827 0 46 68
54 875 0 48 69
55 925 0 47 67
56 974 0 50 69
57 0 95 48 69
58 50 95 14 44
59 66 95 14 59
60 82 95 41 44
61 125 95 44 31
62 171 95 40 44
63 213 95 44 69
64 259 95 62 65
65 323 95 63 67
66 388 95 51 68
67 441 95 49 69
68 492 95 54 68
69 548 95 45 66
70 595 95 45 67
71 642 95 53 69
72 697 95 53 67
73 752 95 15 67
74 769 95 28 68
75 799 95 54 67
76 855 95 44 67
77 901 95 78 66
78 0 166 56 67
79 58 166 57 70
80 117 166 50 67
81 169 166 57 92
82 228 166 53 67
83 283 166 49 69
84 334 166 55 67
85 391 166 54 68
86 447 166 61 67
87 510 166 90 67
88 602 166 60 67
89 664 166 59 67
90 725 166 49 67
91 776 166 23 90
92 801 166 50 74
93 853 166 23 90
94 878 166 40 25
95 920 166 43 9
96 965 166 27 21
97 0 260 46 50
98 48 260 48 69
99 98 260 43 50
100 143 260 47 69
101 192 260 47 51
102 241 260 40 71
103 283 260 53 68
104 338 260 47 68
105 387 260 15 69
106 404 260 21 89
107 427 260 49 68
108 478 260 26 69
109 506 260 73 49
110 581 260 47 49
111 630 260 49 50
112 681 260 48 67
113 731 260 48 68
114 781 260 35 49
115 818 260 44 50
116 864 260 36 63
117 902 260 46 49
118 950 260 54 48
119 0 351 80 48
120 82 351 53 48
121 137 351 54 68
122 193 351 43 48
123 238 351 27 92
124 267 351 10 92
125 279 351 27 92
126 308 351 39 14
